# 다이아몬드 EDA (seaborn diamonds 데이터셋)

## 1. 기초 기술 통계 (기본 요약)

|        |        carat | cut   | color   | clarity   |       depth |       table |    price |           x |           y |            z |
|:-------|-------------:|:------|:--------|:----------|------------:|------------:|---------:|------------:|------------:|-------------:|
| count  | 53940        | 53940 | 53940   | 53940     | 53940       | 53940       | 53940    | 53940       | 53940       | 53940        |
| unique |   nan        | 5     | 7       | 8         |   nan       |   nan       |   nan    |   nan       |   nan       |   nan        |
| top    |   nan        | Ideal | G       | SI1       |   nan       |   nan       |   nan    |   nan       |   nan       |   nan        |
| freq   |   nan        | 21551 | 11292   | 13065     |   nan       |   nan       |   nan    |   nan       |   nan       |   nan        |
| mean   |     0.79794  | nan   | nan     | nan       |    61.7494  |    57.4572  |  3932.8  |     5.73116 |     5.73453 |     3.53873  |
| std    |     0.474011 | nan   | nan     | nan       |     1.43262 |     2.23449 |  3989.44 |     1.12176 |     1.14213 |     0.705699 |
| min    |     0.2      | nan   | nan     | nan       |    43       |    43       |   326    |     0       |     0       |     0        |
| 25%    |     0.4      | nan   | nan     | nan       |    61       |    56       |   950    |     4.71    |     4.72    |     2.91     |
| 50%    |     0.7      | nan   | nan     | nan       |    61.8     |    57       |  2401    |     5.7     |     5.71    |     3.53     |
| 75%    |     1.04     | nan   | nan     | nan       |    62.5     |    59       |  5324.25 |     6.54    |     6.54    |     4.04     |
| max    |     5.01     | nan   | nan     | nan       |    79       |    95       | 18823    |    10.74    |    58.9     |    31.8      |

## 2. 결측치 및 고유값

### 결측치

|         |   0 |
|:--------|----:|
| carat   |   0 |
| cut     |   0 |
| color   |   0 |
| clarity |   0 |
| depth   |   0 |
| table   |   0 |
| price   |   0 |
| x       |   0 |
| y       |   0 |
| z       |   0 |

### 고유값 개수

|         |     0 |
|:--------|------:|
| carat   |   273 |
| cut     |     5 |
| color   |     7 |
| clarity |     8 |
| depth   |   184 |
| table   |   127 |
| price   | 11602 |
| x       |   554 |
| y       |   552 |
| z       |   375 |

## 3. 왜도와 첨도

### 왜도 (Skewness)

|       |         0 |
|:------|----------:|
| carat |  1.11665  |
| depth | -0.082294 |
| table |  0.796896 |
| price |  1.6184   |
| x     |  0.378676 |
| y     |  2.43417  |
| z     |  1.52242  |

### 첨도 (Kurtosis)

|       |         0 |
|:------|----------:|
| carat |  1.25664  |
| depth |  5.73941  |
| table |  2.80186  |
| price |  2.1777   |
| x     | -0.618161 |
| y     | 91.2146   |
| z     | 47.0866   |

## 4. 상관관계 (numeric)

|       |     carat |      depth |     table |      price |          x |          y |         z |
|:------|----------:|-----------:|----------:|-----------:|-----------:|-----------:|----------:|
| carat | 1         |  0.0282243 |  0.181618 |  0.921591  |  0.975094  |  0.951722  | 0.953387  |
| depth | 0.0282243 |  1         | -0.295779 | -0.0106474 | -0.0252892 | -0.0293407 | 0.0949239 |
| table | 0.181618  | -0.295779  |  1        |  0.127134  |  0.195344  |  0.18376   | 0.150929  |
| price | 0.921591  | -0.0106474 |  0.127134 |  1         |  0.884435  |  0.865421  | 0.861249  |
| x     | 0.975094  | -0.0252892 |  0.195344 |  0.884435  |  1         |  0.974701  | 0.970772  |
| y     | 0.951722  | -0.0293407 |  0.18376  |  0.865421  |  0.974701  |  1         | 0.952006  |
| z     | 0.953387  |  0.0949239 |  0.150929 |  0.861249  |  0.970772  |  0.952006  | 1         |

## 5. 그룹별 기술 통계

### 컷(cut)별 가격(price) 요약

| cut       |   count |    mean |   median |     std |   min |   max |
|:----------|--------:|--------:|---------:|--------:|------:|------:|
| Ideal     |   21551 | 3457.54 |   1810   | 3808.4  |   326 | 18806 |
| Premium   |   13791 | 4584.26 |   3185   | 4349.2  |   326 | 18823 |
| Very Good |   12082 | 3981.76 |   2648   | 3935.86 |   336 | 18818 |
| Good      |    4906 | 3928.86 |   3050.5 | 3681.59 |   327 | 18788 |
| Fair      |    1610 | 4358.76 |   3282   | 3560.39 |   337 | 18574 |

## 시각화 1: 가격 분포 (히스토그램)

![](/workspaces/hello/diamond/images/price_hist.png)

### 가격 사분위수

|      |    price |
|-----:|---------:|
| 0    |   326    |
| 0.25 |   950    |
| 0.5  |  2401    |
| 0.75 |  5324.25 |
| 1    | 18823    |

## 시각화 2: 컷(cut)별 가격 박스플롯

![](/workspaces/hello/diamond/images/price_box_by_cut.png)

### 컷별 가격 요약 (count, mean, median, std, min, max)

| cut       |   count |    mean |   median |     std |   min |   max |
|:----------|--------:|--------:|---------:|--------:|------:|------:|
| Ideal     |   21551 | 3457.54 |   1810   | 3808.4  |   326 | 18806 |
| Premium   |   13791 | 4584.26 |   3185   | 4349.2  |   326 | 18823 |
| Very Good |   12082 | 3981.76 |   2648   | 3935.86 |   336 | 18818 |
| Good      |    4906 | 3928.86 |   3050.5 | 3681.59 |   327 | 18788 |
| Fair      |    1610 | 4358.76 |   3282   | 3560.39 |   337 | 18574 |

## 시각화 3: 캐럿(carat) 대비 가격(price) 산점도 (클래리티 색상)

![](/workspaces/hello/diamond/images/carat_price_scatter.png)

### 캐럿 구간별 가격 요약 (count, mean, median)

| carat_bin   |   ('count', 'price') |   ('mean', 'price') |   ('median', 'price') |
|:------------|---------------------:|--------------------:|----------------------:|
| (0.0, 0.2]  |                   12 |             365.167 |                   367 |
| (0.2, 0.5]  |                18920 |             840.019 |                   789 |
| (0.5, 1.0]  |                17506 |            2811.34  |                  2528 |
| (1.0, 1.5]  |                12060 |            6513.53  |                  5846 |
| (1.5, 2.0]  |                 3553 |           11321.8   |                 11040 |
| (2.0, 3.0]  |                 1857 |           14946.2   |                 15379 |
| (3.0, 5.0]  |                   31 |           15153.5   |                 15984 |

## 시각화 4: 색상(color)별 가격 바이올린 플롯

![](/workspaces/hello/diamond/images/price_violin_by_color.png)

### 색상별 가격 요약 (count, mean, median, std)

| color   |   count |    mean |   median |     std |
|:--------|--------:|--------:|---------:|--------:|
| D       |    6775 | 3169.95 |   1838   | 3356.59 |
| E       |    9797 | 3076.75 |   1739   | 3344.16 |
| F       |    9542 | 3724.89 |   2343.5 | 3784.99 |
| G       |   11292 | 3999.14 |   2242   | 4051.1  |
| H       |    8304 | 4486.67 |   3460   | 4215.94 |
| I       |    5422 | 5091.87 |   3730   | 4722.39 |
| J       |    2808 | 5323.82 |   4234   | 4438.19 |

## 시각화 5: 수치형 변수 상관관계 히트맵

![](/workspaces/hello/diamond/images/correlation_heatmap.png)

### 수치형 변수 상관관계 행렬

|       |     carat |      depth |     table |      price |          x |          y |         z |
|:------|----------:|-----------:|----------:|-----------:|-----------:|-----------:|----------:|
| carat | 1         |  0.0282243 |  0.181618 |  0.921591  |  0.975094  |  0.951722  | 0.953387  |
| depth | 0.0282243 |  1         | -0.295779 | -0.0106474 | -0.0252892 | -0.0293407 | 0.0949239 |
| table | 0.181618  | -0.295779  |  1        |  0.127134  |  0.195344  |  0.18376   | 0.150929  |
| price | 0.921591  | -0.0106474 |  0.127134 |  1         |  0.884435  |  0.865421  | 0.861249  |
| x     | 0.975094  | -0.0252892 |  0.195344 |  0.884435  |  1         |  0.974701  | 0.970772  |
| y     | 0.951722  | -0.0293407 |  0.18376  |  0.865421  |  0.974701  |  1         | 0.952006  |
| z     | 0.953387  |  0.0949239 |  0.150929 |  0.861249  |  0.970772  |  0.952006  | 1         |

## 시각화 6: 컷(cut) vs 색상(color) 빈도 히트맵

![](/workspaces/hello/diamond/images/cut_color_crosstab.png)

### 컷 vs 색상 교차표 (빈도)

| cut       |    D |    E |    F |    G |    H |    I |   J |
|:----------|-----:|-----:|-----:|-----:|-----:|-----:|----:|
| Ideal     | 2834 | 3903 | 3826 | 4884 | 3115 | 2093 | 896 |
| Premium   | 1603 | 2337 | 2331 | 2924 | 2360 | 1428 | 808 |
| Very Good | 1513 | 2400 | 2164 | 2299 | 1824 | 1204 | 678 |
| Good      |  662 |  933 |  909 |  871 |  702 |  522 | 307 |
| Fair      |  163 |  224 |  312 |  314 |  303 |  175 | 119 |

## 부록: 상위/하위 샘플

### 가격 상위 5개

|   carat | cut       | color   | clarity   |   depth |   table |   price |    x |    y |    z | carat_bin   |
|--------:|:----------|:--------|:----------|--------:|--------:|--------:|-----:|-----:|-----:|:------------|
|    2.29 | Premium   | I       | VS2       |    60.8 |      60 |   18823 | 8.5  | 8.47 | 5.16 | (2.0, 3.0]  |
|    2    | Very Good | G       | SI1       |    63.5 |      56 |   18818 | 7.9  | 7.97 | 5.04 | (1.5, 2.0]  |
|    1.51 | Ideal     | G       | IF        |    61.7 |      55 |   18806 | 7.37 | 7.41 | 4.56 | (1.5, 2.0]  |
|    2.07 | Ideal     | G       | SI2       |    62.5 |      55 |   18804 | 8.2  | 8.13 | 5.11 | (2.0, 3.0]  |
|    2    | Very Good | H       | SI1       |    62.8 |      57 |   18803 | 7.95 | 8    | 5.01 | (1.5, 2.0]  |

### 가격 하위 5개

|   carat | cut     | color   | clarity   |   depth |   table |   price |    x |    y |    z | carat_bin   |
|--------:|:--------|:--------|:----------|--------:|--------:|--------:|-----:|-----:|-----:|:------------|
|    0.23 | Ideal   | E       | SI2       |    61.5 |      55 |     326 | 3.95 | 3.98 | 2.43 | (0.2, 0.5]  |
|    0.21 | Premium | E       | SI1       |    59.8 |      61 |     326 | 3.89 | 3.84 | 2.31 | (0.2, 0.5]  |
|    0.23 | Good    | E       | VS1       |    56.9 |      65 |     327 | 4.05 | 4.07 | 2.31 | (0.2, 0.5]  |
|    0.29 | Premium | I       | VS2       |    62.4 |      58 |     334 | 4.2  | 4.23 | 2.63 | (0.2, 0.5]  |
|    0.31 | Good    | J       | SI2       |    63.3 |      58 |     335 | 4.34 | 4.35 | 2.75 | (0.2, 0.5]  |

